-173.395334    -173.417971   -734329.010130657582
-173.712245    -163.906264   -734330.314503440750
-173.985288    -154.374014   -734330.925412904471
-174.145708    -144.724999   -734328.322086685221
-174.382243    -134.989816   -734325.839655597345
-174.491876    -125.209451   -734322.287061873474
-174.676608    -115.376287   -734318.740817097016
-174.764038    -105.451331   -734313.090671309619
-174.875529    -95.326635   -734307.324239968788
-174.807385    -85.124699   -734304.596183050657
-175.234964    -74.022913   -734310.684888217249
-175.446196    -64.118699   -734318.894989489811
-175.523539    -54.375803   -734323.048714556731
-175.726654    -44.648175   -734326.977415992646
-175.617341    -34.944372   -734330.701436610194
-175.676552    -25.133506   -734329.940092969919
-175.043894    -15.102401   -734327.959608461708
-174.892021    -4.775632   -734331.177637093118
-174.272852    5.317200   -734329.511690391111
-174.238678    15.235140   -734328.745248715393
-174.298304    25.028337   -734327.841742389835
-174.460034    34.679394   -734326.165464101825
-174.664679    44.373185   -734322.584678102518
-174.817014    54.164047   -734317.995719832135
-174.985270    73.964076   -734315.889809137676
-175.332597    95.277827   -734311.787086709985
-175.404102    105.274119   -734316.645522140898
-175.720162    125.067694   -734324.905038847821
-175.913612    134.750510   -734326.006208940991
-176.211527    144.348577   -734328.537028407096
-176.538220    153.951905   -734330.330543331220
-176.839047    163.470269   -734328.490427071927
9999           9999          9999
-163.866570    -173.741290   -734327.890052844421
-164.136119    -164.229149   -734330.679745506844
-164.379020    -154.551814   -734328.127428249805
-164.530532    -144.895213   -734322.248292747070
-164.714074    -135.092398   -734324.457061377703
-164.901815    -125.298956   -734319.936276452732
-164.968727    -115.435002   -734317.864600225352
-165.036774    -105.526375   -734314.524822076317
-165.124104    -95.386186   -734307.784207617980
-165.110185    -85.103140   -734303.441867260379
-165.253308    -74.213658   -734313.169467726140
-165.422490    -64.274547   -734318.268544793245
-165.186856    -54.456214   -734321.364599222550
-165.206247    -44.603446   -734320.078623822541
-164.988410    -34.661774   -734326.853875645553
-164.723331    -24.571343   -734324.926274445956
-164.499544    -14.574823   -734325.461192657007
-164.364660    -4.582211   -734326.692704891087
-164.314118    5.294098   -734327.326758268988
-164.413918    15.198085   -734325.219835706288
-164.605866    24.956991   -734326.275105865556
-164.825352    34.596105   -734322.515522469301
-164.879618    44.202906   -734322.021067912807
-165.056253    54.106165   -734320.409968476626
-165.130508    73.967430   -734314.899299503653
-165.066266    84.035997   -734306.420194487786
-165.592586    95.224031   -734311.976204157691
-165.674061    105.208282   -734315.185492694378
-165.840909    115.120080   -734322.846905174549
-166.248237    134.457319   -734326.455507752718
-166.542794    144.039454   -734327.929439126747
-166.839255    153.579953   -734330.580471156165
9999           9999          9999
-154.263055    -174.043586   -734328.569286706392
-154.458502    -164.484525   -734329.322892171796
-154.749427    -154.758168   -734323.829755073413
-154.876204    -145.118226   -734321.853453012300
-155.017209    -135.322312   -734323.079440436559
-155.121606    -125.497499   -734317.328363603330
-155.231627    -115.581391   -734314.125454859459
-155.307193    -105.534686   -734307.164942324744
-155.308025    -95.479657   -734303.058839092613
-155.180262    -84.754378   -734308.399622744997
-155.138613    -74.272141   -734312.695337177254
-155.171455    -64.368064   -734314.991765725543
-155.199300    -54.401707   -734320.130349717219
-155.008083    -44.462458   -734322.109838744858
-154.790820    -34.412308   -734322.760990311857
-154.619574    -24.459416   -734322.292013284168
-154.588483    -14.483885   -734323.766373958206
-154.567821    -4.551866   -734326.308172187884
-154.620124    5.221849   -734324.307997887256
-154.826890    15.062825   -734323.462683763937
-154.999854    24.696869   -734321.483043518034
-155.093175    34.364015   -734321.594647766673
-155.187660    44.167821   -734323.598430571496
-155.265311    53.952534   -734318.717066422338
-155.299120    63.918326   -734315.489421741338
-155.300912    74.008034   -734312.637006641016
-155.314778    84.119791   -734303.751937327441
-155.590086    95.088622   -734312.231498935027
-155.690261    105.039481   -734316.714820501045
-155.929484    114.742151   -734321.658109687851
-156.048045    124.542805   -734322.444828822161
-156.343893    134.266514   -734324.444529745961
-155.885649    144.128404   -734325.391211970826
-156.108786    153.603303   -734322.039788394934
-156.257119    163.249115   -734321.123500667862
-153.992137    176.361069   -734326.497112712124
9999           9999         9999
-144.574862    -174.330657   -734327.707310877508
-144.823486    -164.657514   -734320.822309280047
-145.058810    -154.990276   -734320.882514525671
-145.230823    -145.216451   -734319.261512457859
-145.333269    -135.475962   -734318.905747219222
-145.439221    -125.506681   -734313.219534538104
-145.499112    -115.599361   -734308.794029018725
-145.479674    -105.623302   -734306.488297000295
-145.593948    -95.414616   -734300.267301593674
-145.285957    -84.442998   -734309.081699318253
-145.293635    -74.293215   -734311.610291948891
-145.185716    -64.328527   -734311.253817926161
-145.122946    -54.342595   -734315.110273881932
-144.887885    -44.374470   -734318.053150620544
-144.852895    -34.307711   -734319.780280960724
-144.737477    -24.350665   -734320.220119129401
-144.832405    -14.484390   -734322.534728723229
-144.832676    -4.617429   -734322.600160555099
-145.015923    5.213504   -734322.702620255528
-145.146738    14.840932   -734320.264612869127
-145.209161    24.493845   -734321.359745817375
-145.379359    34.302756   -734321.838603684329
-145.435569    44.021273   -734320.149348504376
-145.503363    53.928084   -734314.229260221240
-145.437891    63.825585   -734313.174797632499
-145.473235    73.946181   -734310.402283424628
-145.359315    84.143216   -734300.419776856550
-145.296566    94.859003   -734306.095022377907
-145.372424    104.910427   -734311.811343287933
-145.486898    114.794772   -734315.110400883830
-145.460085    124.632722   -734309.973078781506
-145.552254    134.265039   -734311.439610007452
-145.809797    143.932157   -734313.341586734983
-145.921451    153.504721   -734316.812688262668
-144.080201    166.349577   -734323.340397918015
-144.431957    176.073432   -734323.717937919544
9999           9999         9999
-134.912602    -174.472849   -734320.078633226571
-135.072044    -164.807072   -734317.980045025470
-135.292010    -155.114968   -734316.674196355627
-135.418276    -145.374347   -734315.152814407833
-135.495841    -135.519077   -734310.928922614199
-135.548308    -125.616251   -734308.343930120580
-135.679616    -115.682851   -734301.571019874769
-135.633222    -105.647088   -734295.920085997088
-135.606167    -95.523858   -734295.292863818584
-135.433812    -84.375712   -734302.406096661114
-135.382161    -74.304562   -734306.186583136208
-135.322009    -64.148586   -734308.192118209437
-135.145296    -54.289293   -734309.637748017674
-135.127251    -44.194855   -734313.540461302618
-134.994276    -34.213834   -734317.492513537873
-134.929550    -24.403406   -734320.106915387674
-135.012850    -14.546729   -734320.472034730716
-135.146807    -4.773796   -734319.111562751699
-135.285580    4.907729   -734319.562014150317
-135.397528    14.712655   -734318.292652971344
-135.399729    24.398920   -734317.388002548600
-135.485034    34.166431   -734316.022587778047
-135.557379    44.042520   -734316.335032412200
-135.579370    53.891728   -734309.632622100529
-135.581961    63.839944   -734310.121086737141
-135.501315    73.962800   -734307.881365224253
-135.501659    84.417136   -734296.345495015383
-135.283339    94.769241   -734302.445167612983
-135.266007    104.919915   -734307.889946528827
-135.340056    114.815260   -734309.202233489137
-135.504857    124.435967   -734309.332416169578
-135.610369    134.153241   -734310.347361835535
-133.771850    146.417196   -734317.172422503238
-134.147120    156.301891   -734321.281544655445
-134.476625    166.053562   -734323.932223345386
-134.678980    175.793595   -734322.988871272304
9999           9999         9999
-125.135970    -174.749607   -734317.281942217494
-125.350010    -164.953827   -734314.992579810205
-125.441285    -155.270854   -734313.217799701146
-125.539165    -145.443694   -734311.878268251196
-125.583186    -135.617178   -734308.053967641201
-125.563842    -125.733489   -734304.177969041630
-125.540067    -115.739840   -734304.717712151702
-125.557194    -105.678015   -734294.033656342071
-125.627910    -95.620052   -734291.622097653104
-125.637875    -84.357480   -734294.236045706901
-125.579439    -74.236963   -734303.981417029630
-125.414350    -64.009498   -734305.599887369317
-125.364265    -54.020686   -734307.253165192087
-125.255165    -44.121119   -734311.460515143350
-125.232265    -34.235226   -734316.611307502259
-125.218284    -24.472789   -734319.102558113285
-125.332056    -14.481197   -734318.669612103025
-125.398290    -4.825310   -734317.697651620023
-125.499708    4.955248   -734317.899828257388
-125.585788    14.640479   -734316.277743810555
-125.596596    24.473566   -734316.695599609986
-125.618010    34.153544   -734314.543088259874
-125.576873    43.955363   -734310.471850681817
-125.686611    53.960015   -734306.338367469027
-125.608310    63.914671   -734305.243756916490
-125.630586    74.075530   -734303.091027864721
-125.365340    84.598400   -734296.220953450189
-125.352110    94.891626   -734303.579208224895
-125.313697    104.844441   -734303.825693431427
-125.370517    114.562392   -734307.009473188315
-125.403419    124.416664   -734307.277542974218
-123.950857    136.154946   -734313.472163790837
-124.191955    146.120478   -734316.640208603931
-124.493418    156.045136   -734319.532562296488
-124.788110    165.806078   -734321.009499069885
-124.892055    175.507810   -734319.609126936644
9999           9999         9999
-115.301510    -174.875305   -734314.349831599393
-115.405604    -165.188705   -734313.318337421049
-115.465123    -155.303901   -734310.597918896237
-115.500329    -145.467185   -734307.623231286532
-115.473219    -135.644689   -734304.196015548892
-115.501015    -125.660127   -734299.196246086853
-115.537391    -115.744563   -734294.971853602328
-115.531825    -105.708649   -734287.398343694862
-115.585078    -95.624804   -734287.212992035551
-115.386556    -85.409115   -734282.822180051007
-115.518721    -74.066882   -734304.958982714801
-115.518784    -63.902463   -734305.067889718339
-115.449422    -53.945310   -734305.527780156117
-115.405934    -44.140098   -734309.127644868800
-115.387898    -34.240993   -734314.234890741063
-115.429519    -24.409645   -734315.443990227301
-115.490248    -14.542347   -734315.021935068420
-115.547449    -4.822244   -734316.475193050806
-115.531458    4.875479   -734316.720950758317
-115.524480    14.544056   -734315.214628571179
-115.479153    24.236780   -734309.958070578286
-115.553881    34.152378   -734307.912212259020
-115.582685    44.111329   -734307.516421305132
-115.501502    53.903928   -734300.136014655349
-115.541255    63.889821   -734297.687346329330
-115.476370    74.199118   -734296.280790427816
-115.351566    84.800934   -734297.123010159121
-115.107128    94.990800   -734300.562414510525
-115.233335    104.816460   -734303.408663182054
-114.783126    114.807535   -734309.635185419931
-114.119371    125.714409   -734310.463368311175
-114.334337    135.966395   -734314.653504369431
-114.500751    145.851054   -734316.903537558159
-114.822494    155.798849   -734318.174635085510
-114.991733    165.621000   -734315.736863994505
-115.120588    175.413143   -734314.796468304470
9999           9999         9999
-105.311893    -174.957896   -734309.769198651658
-105.358188    -165.153214   -734307.955377346370
-105.338717    -155.328920   -734304.774281977909
-105.456575    -145.429784   -734301.666765415226
-105.456992    -135.596695   -734298.927022528369
-105.685956    -125.797383   -734297.065062049543
-105.427690    -115.653607   -734292.722902334994
-105.450274    -105.714980   -734295.401492165634
-105.641348    -95.468982   -734288.100278408965
-105.309527    -85.291444   -734285.638555007405
-105.497345    -73.952915   -734298.406540472992
-105.441195    -63.902474   -734300.347597145475
-105.433108    -53.988697   -734305.301972484798
-105.456406    -44.105868   -734304.306030745618
-105.469324    -34.310582   -734310.243865175522
-105.354896    -24.384392   -734313.333018214558
-105.452456    -14.665234   -734313.861731027369
-105.453637    -4.899195   -734315.203883255483
-105.481158    4.878645   -734314.746525305673
-105.454316    14.633000   -734310.381881513167
-105.386864    24.374651   -734304.530582778971
-105.224351    34.169721   -734301.626873941743
-105.132503    44.141488   -734300.360700281570
-104.942348    54.013611   -734297.160982170608
-104.884816    63.946544   -734295.186556707718
-105.435415    74.467261   -734291.503885639133
-105.121256    84.813104   -734290.820161311422
-105.097323    94.968719   -734294.954915910610
-104.951862    104.948556   -734299.879778204253
-104.500432    115.361242   -734304.548256269540
-104.466102    125.710370   -734309.527010493097
-104.564672    135.733639   -734309.476152447867
-104.742543    145.692531   -734313.949726699619
-104.949529    155.559002   -734314.322485780460
-105.202400    175.252547   -734312.257473736885
9999           9999         9999
-95.112466    -175.009734   -734305.453779224772
-95.059503    -165.245882   -734304.768549467321
-95.221056    -155.354832   -734304.285901166266
-95.066518    -145.569149   -734305.999866756028
-95.289499    -135.588174   -734302.235909261741
-95.491649    -125.788216   -734302.455530941719
-95.813096    -115.828656   -734299.269136852818
-95.935537    -105.786535   -734298.134797027335
-95.928334    -95.433433   -734293.918814489851
-95.317350    -84.715798   -734285.144590939162
-95.538934    -73.704853   -734294.521322719404
-95.349044    -63.797947   -734296.616069642128
-95.309460    -53.987305   -734301.625387487467
-95.421826    -44.040378   -734306.610155580216
-95.349760    -34.263261   -734307.905584453489
-95.381536    -24.451267   -734309.574848965043
-95.269987    -14.723596   -734312.377998146694
-95.265745    -4.911112   -734312.503666494973
-95.216857    4.927316   -734308.542230126797
-94.960077    14.708164   -734305.932142813224
-94.793304    24.605825   -734305.004642216954
-94.678639    34.314748   -734304.045371479937
-94.636327    44.213734   -734302.321026258753
-94.623232    54.093440   -734305.004977071891
-94.639941    63.944197   -734299.798861892545
-94.650261    73.966752   -734297.219840389211
-95.163760    84.920972   -734291.199935599347
-95.028174    95.150056   -734293.373405304155
-94.670585    115.535787   -734300.473083291668
-94.650119    125.626343   -734306.100817151484
-94.685579    135.629110   -734307.387519707903
-94.787925    145.570075   -734308.244437289191
-94.992565    155.434599   -734310.584717928781
-95.093192    165.330844   -734309.369974334142
-95.141928    175.217866   -734307.430747935665
9999          9999         9999
-84.795670    -175.026203   -734312.632069897023
-84.777784    -165.233166   -734313.959659123910
-85.009213    -155.547836   -734312.289903315483
-85.306493    -145.723187   -734310.479682378238
-85.557064    -136.001148   -734309.877765925834
-85.926690    -126.104216   -734305.722260846058
-86.210183    -116.140124   -734305.199925855850
-86.349042    -105.846792   -734305.023084040149
-85.916290    -94.886246   -734297.196239375859
-84.668753    -84.042543   -734284.995215817820
-84.511675    -74.159550   -734283.375768797239
-84.511597    -64.066764   -734284.418560588500
-85.189307    -53.884025   -734294.400447654771
-85.148299    -44.066837   -734295.547919123550
-84.973506    -34.287941   -734299.867051036097
-85.064527    -24.404124   -734306.107141940272
-84.963312    -14.478834   -734306.936688564718
-84.569080    -4.651295   -734310.769144921098
-84.508695    5.084500   -734311.682159736985
-84.421259    14.675792   -734313.335204145522
-84.615549    24.694673   -734312.266084943782
-84.566598    34.328099   -734309.805656881421
-84.641071    44.227902   -734308.406952050515
-84.644210    54.005633   -734308.708242852706
-84.711873    73.921551   -734299.925617608125
-85.078330    95.285485   -734293.762605790398
-84.940886    105.601856   -734296.656061771559
-84.740674    115.561170   -734296.849549838458
-84.712322    125.593376   -734302.355738269980
-84.701056    135.560080   -734304.332721411367
-84.728271    145.443054   -734305.790475076996
-84.801944    155.421097   -734306.453101087362
-84.757085    165.314050   -734308.132690229802
-84.728937    175.186589   -734309.282469646889
9999          9999         9999
-74.705701    -175.149478   -734318.574937172118
-74.989621    -165.426635   -734316.394896554877
-75.197325    -155.765691   -734315.366569151520
-75.617870    -146.101719   -734314.343063827720
-76.039837    -136.311088   -734312.448955947999
-76.404534    -126.547622   -734309.323305369006
-76.885717    -116.320198   -734308.375699188677
-76.749287    -105.378940   -734306.400433145231
-74.502255    -93.553944   -734288.846141236019
-74.419786    -83.869238   -734289.296043811948
-74.406763    -74.122576   -734286.752305530477
-74.448578    -64.048105   -734289.401060911827
-74.666009    -53.871444   -734293.216475832276
-74.572282    -43.929398   -734297.251512249932
-74.552476    -34.033762   -734301.608703949954
-74.337100    -24.356626   -734306.551278023981
-74.416263    -14.428263   -734311.245876712841
-74.382303    -4.705092   -734315.269219716429
-74.444758    5.025150   -734314.073093582876
-74.453453    14.743038   -734315.628913446562
-74.627190    24.441675   -734315.843717465876
-74.790553    34.251286   -734314.880129563506
-74.952535    44.061856   -734312.192856483860
-75.067149    53.979741   -734312.275526356068
-75.097851    63.928468   -734308.402580194059
-74.982382    74.134646   -734304.517517180531
-74.952134    84.170680   -734306.538329692557
-75.212578    95.604947   -734289.134276818368
-75.003489    105.690682   -734292.167831310420
-74.772690    115.682080   -734294.473435535445
-74.720400    125.622756   -734300.225126112578
-74.648728    135.556465   -734303.313776379917
-74.678584    145.465051   -734306.237731656292
-74.484384    155.402880   -734309.440989109222
-74.474038    165.319824   -734315.409211102757
-74.480089    174.956402   -734308.050981002278
9999          9999         9999
-65.005491    -175.387532   -734321.190387384617
-65.258454    -165.782821   -734320.850672038854
-65.635496    -156.145053   -734317.743182007805
-66.108050    -146.456748   -734317.354515710264
-66.605508    -136.742918   -734314.990786456387
-67.006006    -126.941195   -734311.319859354291
-67.388467    -116.619866   -734312.386799430242
-64.042646    -103.279940   -734296.920834560529
-64.255016    -93.704017   -734294.232942575123
-64.370038    -84.016986   -734291.871658526943
-64.350538    -74.139383   -734292.496646565851
-64.430484    -64.017044   -734295.193476703018
-64.335794    -53.974379   -734299.294766379986
-64.472272    -43.882911   -734301.992962028948
-64.417264    -34.030658   -734307.131046671653
-64.424724    -24.133872   -734311.710637637647
-64.441947    -14.465727   -734314.772324546590
-64.459495    -4.801653   -734316.793182641501
-64.582225    4.884335   -734319.399474516162
-64.920709    14.630516   -734319.211946402094
-65.068789    24.286299   -734317.835774914245
-65.339658    34.191478   -734315.470010822406
-65.340705    44.093142   -734313.324722797377
-65.491025    53.954732   -734315.088875163696
-65.479274    63.996929   -734311.240137426183
-65.439259    74.242296   -734305.190261638025
-65.129942    84.522707   -734311.704530186602
-64.782650    94.678397   -734305.576197473099
-64.941934    105.912996   -734293.353791389614
-64.757241    115.798932   -734296.349902902963
-64.718496    125.667288   -734301.857049588696
-64.523994    135.654193   -734309.508842471521
-64.458766    145.589514   -734312.280715873814
-64.463208    155.481040   -734315.290532322950
-64.537107    165.246450   -734318.504517029854
9999          9999         9999
-55.337874    -175.736243   -734324.490516442107
-55.709069    -166.144172   -734323.063523290679
-56.139093    -156.533864   -734321.704318278120
-56.620429    -146.990713   -734319.481643784326
-57.114636    -137.300979   -734317.573085572687
-57.474746    -127.392563   -734314.134813360986
-53.884414    -113.159559   -734303.118857239489
-54.074196    -103.551295   -734300.701915107318
-54.346411    -93.869255   -734299.414453180041
-54.474177    -84.092304   -734296.201487195911
-54.481623    -74.202018   -734297.858894560020
-54.439471    -64.073913   -734299.720032575075
-54.432720    -53.949359   -734303.448434744845
-54.432595    -44.019700   -734305.568749669474
-54.454526    -34.094377   -734311.913178244024
-54.590055    -24.260519   -734315.321961466805
-54.668528    -14.574910   -734319.175019352348
-54.902458    -4.921794   -734320.633607002790
-55.036324    4.748778   -734321.642686594743
-55.366332    14.322949   -734323.659673110349
-55.646030    24.130762   -734320.821051204461
-55.782139    33.853408   -734319.370282935677
-55.886516    43.875528   -734319.145120703615
-55.820708    53.910286   -734315.985794041655
-55.753526    64.159166   -734314.174829757889
-55.541604    74.379383   -734311.088114291080
-55.264797    84.827714   -734310.174209576100
-55.004568    95.025515   -734305.715969987097
-54.611046    105.999577   -734298.782011636184
-54.492328    115.850697   -734303.622854452813
-54.499359    125.832491   -734307.831077681505
-54.432716    145.493382   -734317.760024311370
-54.622044    155.349483   -734319.428205770440
-54.855903    164.996325   -734322.398539866554
-54.981018    174.695585   -734323.368754259893
9999          9999         9999
-41.869555    -171.343501   -734325.765036928700
-46.166263    -166.568516   -734324.736992340186
-46.749609    -157.008283   -734323.747276817914
-47.095079    -147.482516   -734321.368555890396
-47.565231    -137.772424   -734319.037408913602
-43.417239    -123.161611   -734305.378663785639
-43.909312    -113.536196   -734301.562716757646
-44.088788    -103.890260   -734301.946930811857
-44.459204    -94.118367   -734302.201192640467
-44.613473    -84.178264   -734301.731999509153
-44.630969    -74.158486   -734301.565900905407
-44.584484    -64.033085   -734304.612887819181
-44.615040    -53.939739   -734309.246280132211
-44.647831    -43.961014   -734310.636736016138
-44.723243    -34.069601   -734316.023243282340
-44.815629    -24.498726   -734319.304503303370
-45.020570    -14.874546   -734322.502396324882
-45.393507    -5.263478   -734320.947406863212
-45.712915    4.371433   -734324.561267673620
-46.025965    14.147298   -734324.611235008924
-46.101627    23.820944   -734323.988384080119
-46.200192    33.719278   -734324.356761581381
-46.171876    43.815703   -734321.103567039478
-46.038117    53.992902   -734318.478243304184
-45.909302    64.320990   -734314.533653956256
-45.588483    74.762756   -734314.759742227499
-45.009033    85.103775   -734311.924763476127
-44.767805    95.332686   -734306.168575746240
-44.559989    106.033186   -734306.319626157987
-44.648716    115.931419   -734308.005135788466
-44.520033    125.751329   -734312.785391567741
-44.636424    135.658856   -734318.909778480185
-44.774065    145.429965   -734320.731529792189
-44.993135    155.205065   -734322.791921038646
9999          9999         9999
-36.400575    -176.380207   -734327.963832767331
-36.775544    -167.040693   -734326.311413147370
-37.229683    -157.503106   -734325.189832425560
-37.579214    -147.951495   -734322.304426339222
-33.069838    -133.218773   -734313.309627783950
-33.501591    -123.678105   -734308.817512797425
-33.955930    -114.007306   -734305.957053872524
-34.278836    -104.158838   -734305.730336549808
-34.584457    -94.294281   -734307.075218446902
-34.836383    -84.267505   -734305.134652612614
-34.785054    -74.161972   -734306.640087389154
-34.766287    -63.909891   -734307.951040800428
-34.808997    -53.890819   -734312.305790975224
-34.839985    -44.011400   -734314.922870070557
-35.105326    -34.282897   -734318.526523890090
-35.235127    -24.748566   -734319.890612418880
-35.635901    -15.141693   -734321.900827481528
-35.898176    -5.664216   -734325.298818125506
-36.248108    4.088604   -734326.133488118183
-36.404356    13.818127   -734326.926635003649
-36.432993    23.781017   -734327.690216275863
-36.383639    43.936933   -734318.911342465319
-36.248723    54.327389   -734318.932379481615
-35.489237    64.788185   -734316.876044036238
-35.332311    75.175041   -734314.083639427205
-34.541776    85.517612   -734308.861378861824
-34.571627    95.744149   -734307.378481438034
-34.623650    105.897753   -734312.020658785943
-34.866265    135.452115   -734320.715268974775
-35.143660    145.202057   -734321.767221066635
-35.339694    154.957848   -734327.729942814680
-35.607411    164.617900   -734328.297295537195
-31.846629    179.984628   -734305.941901183920
9999          9999         9999
-21.948793    -162.043313   -734323.081485416624
-27.692061    -158.024516   -734326.159603907261
-28.081351    -148.331659   -734322.739176177187
-23.238968    -133.748433   -734316.596658918308
-28.418890    -128.137532   -734321.268921462237
-24.201802    -114.317748   -734308.544685295899
-24.488641    -104.515518   -734308.044582831324
-24.692022    -94.587892   -734307.258192161680
-24.883030    -84.360572   -734308.265069742454
-24.898473    -74.085397   -734309.755593913607
-24.961894    -63.923756   -734312.874224014115
-25.066749    -53.934238   -734312.711383767077
-25.233525    -44.111635   -734316.890164918499
-25.491201    -34.492614   -734317.975874646450
-25.846852    -25.062266   -734323.023867972544
-26.105207    -15.452990   -734324.804173012148
-26.571692    -5.810804   -734324.852324027219
-26.719853    3.922431   -734327.895001074881
-26.822316    13.786351   -734330.807468851330
-26.739082    23.834604   -734330.153494041529
-23.274928    35.951080   -734328.452085261117
-26.374074    44.314119   -734324.921413614647
-23.302208    55.835820   -734320.961829357897
-23.577994    65.619944   -734315.362826557597
-24.009238    75.302017   -734316.943513771635
-24.389255    85.296000   -734309.744795720908
-24.679410    95.841962   -734310.015527489944
-24.873825    105.820890   -734314.268129917327
-25.006506    115.683905   -734318.007521509193
-25.062855    125.533405   -734321.131104304455
-25.276896    135.345529   -734323.013157086913
-25.475928    145.069250   -734325.675683699315
-25.953962    164.231774   -734328.601745096734
9999          9999         9999
-11.772944    -171.869260   -734323.730769299204
-17.781580    -167.855004   -734327.972547222627
-12.635229    -153.083971   -734323.956970721134
-18.402511    -148.697690   -734320.388585022301
-13.582924    -134.132922   -734322.242900810204
-14.000902    -124.425863   -734315.919883567491
-14.159108    -114.771547   -734311.715231175069
-14.617914    -104.834115   -734309.626501015038
-14.942868    -94.732892   -734308.001052834792
-14.974057    -84.402313   -734309.579596097930
-14.969266    -74.126781   -734312.001060669310
-15.129310    -63.989169   -734315.030849833158
-15.282920    -54.178496   -734315.779433521791
-15.987880    -34.955472   -734320.368105181260
-16.279601    -25.413858   -734325.589420708944
-16.689165    -15.792786   -734328.219416068983
-16.952792    -6.083263   -734328.838071286911
-17.024442    3.887614   -734331.650770799490
-13.093053    16.201315   -734338.004999835044
-16.693002    23.914114   -734328.745629048441
-12.949975    35.940218   -734329.948753058212
-13.105300    45.721958   -734325.849257412017
-13.402448    55.346503   -734321.986548872548
-13.867433    65.098588   -734315.993429833790
-14.343675    74.902568   -734314.005438845954
-14.563522    84.765006   -734309.022297951626
-14.825839    95.570846   -734311.092145953793
-15.023055    105.518530   -734316.780525796232
-15.304580    115.557282   -734321.833162565832
-15.552066    125.417165   -734321.742706893245
-15.760499    135.241878   -734324.063044142793
-16.164440    154.440745   -734327.547880847822
-16.585877    163.927000   -734328.590141938999
-16.959221    173.336302   -734329.914594001602
9999          9999         9999
-2.040259    -172.335581   -734323.400529724779
-2.564351    -162.908549   -734325.357698010397
-2.943015    -153.640052   -734324.074499797192
-3.368097    -144.120889   -734322.110918008140
-3.932558    -134.529804   -734321.689175608684
-4.159624    -124.861451   -734319.167119347723
-4.428618    -114.968252   -734315.470138022560
-4.654844    -105.116956   -734311.167730808258
-4.920040    -94.960253   -734310.314136319910
-5.072579    -84.475578   -734308.672268295195
-5.196316    -74.164085   -734314.878818598227
-5.340599    -64.284429   -734315.928612113465
-5.762710    -54.481665   -734316.865495420061
-6.042815    -44.850162   -734318.471856970107
-6.462358    -35.416415   -734323.203102793894
-6.862130    -25.657071   -734327.014832802815
-6.951447    -16.120870   -734330.771605123649
-3.267068    -3.986580   -734341.500486849225
-2.899525    6.280106   -734342.911723874859
-6.852343    14.047498   -734331.879621316912
-2.859976    25.987143   -734327.135484504048
-2.990803    35.731575   -734327.418298871373
-3.420755    45.333549   -734326.424697910086
-3.779961    55.120646   -734320.109906749567
-4.308195    64.741305   -734316.762816334725
-4.608341    74.518445   -734310.127891365904
-4.851992    84.522614   -734312.031471352442
-5.101761    95.280245   -734312.022763040033
-5.227875    105.353558   -734316.576629666379
-5.497182    115.313504   -734322.815213919617
-5.592189    125.181700   -734321.454890738474
-5.923172    134.928211   -734323.165377460653
-6.170207    144.567315   -734325.723868583911
-6.580148    154.127651   -734327.138654027600
-7.351558    172.833415   -734327.932774330839
9999         9999         9999
7.376622    -172.708482   -734321.874800919322
7.064427    -163.422724   -734323.830365605769
6.474825    -153.960320   -734323.628562272992
6.233894    -144.520877   -734323.071904507349
5.985548    -134.886215   -734320.370090951561
5.578739    -125.058636   -734318.349584184238
5.321457    -115.220529   -734315.942907988327
5.181172    -105.266800   -734311.300560146105
4.925389    -95.146546   -734307.623890116462
4.836999    -84.478062   -734310.091374386684
4.681607    -74.449169   -734316.651137848268
4.263655    -64.618337   -734317.620215074508
3.861444    -54.959841   -734318.400830998435
3.520924    -45.282732   -734320.002337642014
3.040473    -35.582170   -734322.922949539148
2.859654    -25.922740   -734327.324353926000
6.898288    -14.004524   -734341.008571564220
7.239979    -3.765286   -734331.853003780241
6.897405    16.249695   -734335.562608696753
6.721650    25.843740   -734333.627645674045
6.535246    35.377532   -734330.086101620924
6.039005    44.974344   -734325.302640782669
5.658172    54.544653   -734322.010624716058
5.348236    64.329131   -734318.764805893181
5.125245    74.157639   -734312.364676653873
4.973505    84.412167   -734305.968906638795
4.789334    95.110094   -734310.081050335080
4.579871    105.283662   -734316.147778784507
4.227801    115.138338   -734321.132188043441
4.023976    124.939404   -734323.865753528546
3.725541    134.697809   -734324.475152843283
3.396649    144.273985   -734322.890382108861
2.963033    153.715187   -734324.712307818350
2.625022    163.084965   -734324.918006531196
2.143998    172.504433   -734323.391133855563
9999        9999         9999
16.999889    -173.186383   -734322.853335453896
16.596906    -163.861789   -734323.250978023512
16.112174    -154.349384   -734322.244244204368
15.857813    -144.797990   -734321.772578815348
15.678621    -135.179187   -734317.923977438710
15.374791    -125.350038   -734316.506155214156
15.204668    -115.455207   -734314.910481046187
15.138778    -105.581701   -734311.407715755631
14.748993    -95.492101   -734306.391999472515
14.665587    -84.726631   -734307.442971912329
14.280904    -74.784298   -734312.916301537538
13.887816    -64.969289   -734320.019951345981
13.621009    -55.289862   -734314.541427231976
13.244381    -45.700963   -734319.516927047865
16.484091    -34.160477   -734337.262373120640
16.797854    -23.911714   -734341.963451742311
13.093360    -16.047246   -734330.761037733057
17.073148    -3.674709   -734341.415602570749
16.949549    6.209462   -734335.969806032605
16.823496    15.736302   -734334.720747125451
16.406464    25.550189   -734326.081911955145
16.039868    35.097394   -734324.770725731505
15.584816    44.627062   -734324.685583419283
15.256672    54.319105   -734316.757344535552
14.997769    64.155804   -734313.038833597908
14.910230    74.106656   -734309.010265141143
14.952279    84.356755   -734305.616311231861
14.773818    94.851307   -734307.138142528245
14.397588    104.998921   -734314.535614842433
14.179667    114.838592   -734318.752847973257
13.809757    124.707960   -734323.693339310354
13.559453    134.297231   -734322.306966769975
13.134336    143.853554   -734322.944253099733
12.672147    153.300822   -734324.875062604784
12.252727    162.631269   -734321.648295704857
17.375029    177.426336   -734324.412346609519
9999         9999         9999
26.520299    -173.682282   -734324.028402113472
26.046191    -164.187680   -734322.937586292974
21.352702    -158.889970   -734321.103010241524
25.525268    -145.115006   -734320.667394783231
25.244556    -135.319889   -734316.793463539914
25.030762    -125.506738   -734315.030920807272
24.836750    -115.632936   -734310.520953665837
24.731027    -105.784061   -734309.456802257104
24.572751    -95.681907   -734303.696262479643
24.336376    -84.991275   -734307.473477184889
23.986744    -75.168490   -734313.794247690006
23.665567    -65.437181   -734316.470260892878
23.324009    -55.629850   -734316.167289190460
23.156696    -45.801252   -734320.003901885124
26.653349    -33.816541   -734338.330794497975
26.976755    -13.747858   -734330.823236871161
26.747930    -3.786471   -734337.529567940277
26.549332    6.067426   -734324.654411740252
26.264430    15.468346   -734331.249095449224
25.772297    25.119564   -734325.200900813332
25.592508    34.608415   -734322.302724157344
24.992269    53.997639   -734313.801480379188
24.904505    63.997746   -734309.732476850972
24.902949    74.041247   -734306.736629720661
24.794851    84.426588   -734299.454862670624
24.699705    94.646561   -734306.830918033724
24.483060    104.502287   -734309.881701257778
23.614812    124.142841   -734310.514604444616
23.259639    133.909659   -734320.535172146861
22.786716    143.442964   -734320.498511427781
22.448615    152.821617   -734321.716262466391
27.341202    167.519677   -734324.909589269548
21.573726    171.704780   -734321.109809418325
9999         9999         9999
35.541053    -164.544030   -734325.303503718809
35.356092    -154.989500   -734319.968060034676
35.070916    -145.274490   -734319.757655210560
34.907513    -135.511892   -734317.936840242008
34.732753    -125.643590   -734314.069214934832
34.665998    -115.751611   -734310.023987669614
34.509303    -105.911687   -734307.023494673893
34.512990    -95.524478   -734302.065202107420
34.355890    -85.243937   -734308.116554519744
34.109725    -75.545447   -734311.792248584446
34.133598    -65.632123   -734313.687941319658
36.225377    -54.255177   -734321.104193577310
36.541897    -44.003307   -734323.029974524863
36.730039    -33.884042   -734326.241340663983
36.608569    -23.744726   -734334.660009692423
36.617197    -13.777330   -734325.736464712536
36.288454    -3.942953   -734325.853928358993
36.080573    5.620177   -734325.579082738375
35.772873    15.144022   -734323.624962827424
35.309240    24.787994   -734322.000192692271
35.043912    34.330383   -734319.727005865192
34.902799    43.979991   -734315.970984720276
34.819692    53.912896   -734312.112427832792
34.848372    63.927060   -734307.117328501423
34.682868    74.179125   -734303.828660372645
34.770748    84.326204   -734298.676723925280
34.567626    94.364420   -734302.106639503501
34.472944    104.250342   -734306.703712521354
33.952527    114.110431   -734311.005662745680
33.002147    133.465018   -734314.370543809608
32.600967    142.976569   -734317.005670565763
32.283253    152.375519   -734317.967591544148
36.651172    167.135178   -734320.678655725555
31.538390    171.447103   -734316.485416694428
9999         9999          9999
45.571293    -174.422856   -734322.117147147306
45.153924    -164.846091   -734322.804820402642
44.988540    -155.178233   -734318.031526369508
44.832467    -145.474741   -734315.672382075689
44.563146    -135.685211   -734313.908336485736
44.531482    -125.752876   -734309.969227474998
44.522237    -115.838142   -734302.098459781730
44.474512    -106.070723   -734299.623588272836
44.517147    -95.350259   -734300.433942685835
44.810269    -85.227341   -734307.377115844167
45.466850    -74.813560   -734307.322942580795
45.917786    -64.308316   -734313.768020602176
46.204695    -54.052841   -734320.810099275666
46.377685    -43.878176   -734320.624487660592
46.347212    -33.797339   -734333.864022674737
46.307310    -23.866629   -734323.409464908182
46.044477    -13.858430   -734319.963257519645
45.783020    -4.370809   -734322.428996585542
45.522121    5.287540   -734321.748449032078
45.139590    14.902792   -734321.624346224242
44.924229    24.442483   -734319.060036217561
44.633892    34.220586   -734317.920158600900
44.606117    44.053963   -734313.026257941150
44.578837    53.912861   -734306.321779642138
44.783834    63.877773   -734300.665125019848
44.612167    74.225454   -734299.541000449099
44.593775    84.276073   -734295.613002233207
44.459960    94.167910   -734297.197709520580
44.084758    104.049751   -734298.376024632365
43.749529    113.688027   -734306.248027450638
43.434884    123.398764   -734307.499193413882
42.862740    132.969767   -734310.099433368770
47.266985    147.532076   -734316.906782296952
42.216218    151.974981   -734313.860409802990
41.807742    161.571417   -734313.233039926854
45.755315    176.144979   -734322.412365979515
9999         9999         9999
54.819534    -165.011913   -734314.974671914009
54.585969    -155.340655   -734313.567673108657
54.544967    -145.529730   -734308.206588276313
54.551096    -135.709441   -734304.395722244983
54.480398    -125.746748   -734301.454303714214
54.593896    -115.883473   -734297.316033238894
54.689329    -106.089292   -734290.950045770034
55.217574    -84.696759   -734303.479943407932
55.649625    -74.426905   -734302.114460044657
55.890932    -64.112625   -734312.034047884285
55.950459    -53.779014   -734314.287130543846
56.091655    -43.875917   -734315.549192483537
56.052534    -33.943008   -734315.582575177192
55.417017    -14.181417   -734320.937809359049
55.240312    -4.649803   -734319.156711777672
54.908609    4.995274   -734316.653545368463
54.765002    14.588633   -734318.277621708112
54.590455    24.305381   -734316.090728679090
54.537770    34.060548   -734314.531059697387
54.497427    43.926449   -734309.790083557949
54.413045    53.951632   -734305.127550758072
54.489234    64.059595   -734300.941527444869
54.616148    74.179523   -734294.187948531471
54.556917    84.117334   -734295.070463719545
54.381101    93.908827   -734290.926699981792
53.722089    113.335516   -734301.433805363602
53.374602    122.920427   -734303.419838892645
57.227307    137.377958   -734311.842038613511
52.395452    142.141414   -734308.138389062602
52.202293    151.684919   -734309.779358688626
55.727641    166.218395   -734317.168207005714
51.967734    171.198025   -734311.789289616863
9999         9999         9999
64.833146    -174.972439   -734313.269114479306
64.554692    -165.260933   -734310.649170769146
64.437479    -155.476864   -734308.207908982644
64.484224    -145.601578   -734304.329799295869
64.526183    -135.640721   -734299.256262250710
64.607835    -125.690572   -734297.181499431841
64.728170    -115.709524   -734293.958370550768
64.925847    -105.876521   -734286.597922008485
64.925151    -94.773195   -734292.309196339920
65.211701    -84.413281   -734297.252652326482
65.460307    -74.110855   -734299.658967604977
65.613119    -63.948299   -734308.078349331045
65.536841    -53.784590   -734310.258869735640
65.517425    -43.849827   -734307.753758124891
65.281237    -33.972235   -734312.180394198629
65.225998    -24.308809   -734314.162062691525
65.026302    -14.541256   -734316.569833528833
64.724016    -4.892181   -734317.396577143576
64.626774    4.741452   -734312.035053336760
64.422280    24.203625   -734309.112921719905
64.478413    34.014718   -734308.224959262530
64.453035    43.868399   -734303.076211235020
64.421490    53.910215   -734300.321247959859
64.462892    64.020104   -734292.975892922608
64.366171    74.215084   -734290.347311378340
64.400201    83.977352   -734291.091220398084
64.256038    93.731608   -734287.219903309830
64.043932    103.328709   -734290.674950494897
63.704650    112.915444   -734292.295269334223
67.185311    126.955279   -734303.912190338946
62.958618    132.093625   -734299.774717715220
62.563627    141.847442   -734301.244326340617
65.718462    156.201540   -734312.704942445038
65.265279    165.804667   -734314.122138156090
65.032374    175.367855   -734314.197388113127
9999         9999         9999
74.531837    -175.121792   -734309.275920020766
74.486682    -165.285668   -734305.648507885751
74.571269    -155.487377   -734301.682939896127
74.567753    -145.472875   -734299.322489646147
74.656861    -135.573035   -734296.234021148295
74.694411    -125.623652   -734293.883586884127
74.751031    -115.608864   -734289.819631017628
74.474378    -104.751821   -734285.302640025853
74.793471    -94.362500   -734290.933759549283
75.020484    -84.155785   -734289.187995690620
75.226628    -64.000919   -734303.918855370721
75.144924    -53.924082   -734305.986138145556
75.116818    -44.037474   -734307.948471437325
74.879669    -34.110014   -734310.132865603431
74.714751    -24.402361   -734310.602118036826
74.558267    -14.793956   -734307.748526551062
74.466321    -4.928359   -734307.780474925064
74.571716    4.690786   -734305.883765742299
74.403346    14.522908   -734302.901185388560
74.577218    24.202312   -734302.651387599995
74.542373    34.170038   -734301.185783448280
74.756171    44.139722   -734295.967168392264
74.939149    53.872470   -734291.323933459120
75.001815    63.720471   -734285.073437447893
74.410616    74.182506   -734286.899135835934
74.310327    84.032969   -734282.564238456427
74.337946    93.657166   -734284.134575570701
74.341732    103.209230   -734285.444129345240
76.692661    115.774450   -734308.748464364326
76.645388    126.700320   -734298.752130576177
76.120979    136.202811   -734301.106062774081
75.746047    146.180713   -734306.519116961514
75.421436    155.695010   -734309.487525097211
74.949160    165.469200   -734310.898894530605
9999         9999         9999
84.696093    -175.174002   -734302.575837953365
84.730156    -155.413812   -734302.752307008137
84.754996    -145.522515   -734298.991829075851
84.683474    -135.535725   -734298.125019042287
84.777355    -125.505820   -734295.663111810456
84.882641    -115.480238   -734292.664886756334
84.964211    -105.323291   -734291.951900409069
84.812744    -84.000948   -734286.953335025348
84.874229    -73.983621   -734293.109269848675
84.805743    -53.949366   -734298.576456786483
84.741861    -44.112574   -734300.189937383868
84.706507    -34.324857   -734302.959097115556
84.652787    -24.631775   -734304.860366709996
84.564982    -14.780499   -734302.896156647010
84.528769    -4.973623   -734302.052890116349
84.896678    4.703060   -734298.371331261471
84.892258    14.594190   -734298.332283533062
85.047923    24.451573   -734297.315581277362
85.129850    34.289687   -734298.730269197025
85.170476    44.143646   -734295.854566194932
85.231512    53.913412   -734293.751645650133
85.301475    63.730667   -734288.657325537526
85.321912    73.600869   -734284.411929064430
84.633736    84.044434   -734278.525802397868
85.209260    94.108690   -734281.625732146320
86.463533    105.865485   -734289.910923442687
86.369844    116.100424   -734294.110713284696
85.960112    126.128504   -734298.352245427552
85.652313    136.001902   -734299.468305345974
85.371990    145.686759   -734304.923542709439
84.962009    155.466067   -734307.221220677486
84.838016    165.260933   -734305.713600707240
84.727949    175.016534   -734304.919380129664
9999         9999         9999
95.031604    -175.134801   -734301.364201167831
95.096565    -165.327498   -734302.240850033122
94.956196    -155.459160   -734303.850487170625
94.854220    -145.507518   -734302.624975131243
94.726085    -135.633360   -734299.723962303367
94.633797    -125.594707   -734298.930152641144
94.607913    -115.289014   -734297.361340627773
94.959812    -105.088035   -734291.966663606465
95.147025    -94.948329   -734286.506948876427
95.315611    -84.910479   -734283.111157485633
95.383052    -74.530415   -734282.346490739845
94.817991    -63.935493   -734296.432757603354
94.737768    -53.981169   -734298.744452426792
94.770759    -44.158468   -734298.970324003138
94.790376    -34.295990   -734298.282029175665
95.007877    -24.518240   -734298.485388567671
94.962408    -14.655518   -734299.501779592712
95.284761    -4.835117   -734301.710991660948
95.323335    4.901455   -734302.042195220944
95.399617    14.679003   -734302.639362691669
95.312820    24.531682   -734302.303017408354
95.385787    34.243086   -734303.737005532370
95.325535    44.161461   -734299.871218766086
95.376194    53.901517   -734295.454501017812
95.359064    63.879373   -734291.383396769757
95.506053    73.679109   -734286.740967554739
95.236693    84.436102   -734274.061026809970
95.903762    95.476991   -734279.942900337861
96.001408    105.803280   -734285.976415107842
95.791074    115.870089   -734290.503681112779
95.617403    125.781851   -734293.194587103440
95.280616    135.641967   -734296.294016789645
95.085514    145.505975   -734297.927117099869
95.244233    155.407474   -734296.889674128499
95.130554    165.162969   -734298.527825266705
95.045446    175.017315   -734299.895525185042
9999         9999          9999
105.085273    -165.395945   -734308.619829077274
104.903142    -155.589111   -734306.674021402141
104.670311    -145.692531   -734306.469123481889
104.543709    -135.789576   -734303.247052871739
104.375619    -125.519590   -734302.380505205248
104.801693    -115.052434   -734302.198392292019
105.118433    -104.864488   -734295.309794607689
105.231081    -94.884171   -734291.449450366315
105.342798    -84.822809   -734289.525121644954
105.347965    -74.392256   -734287.413779493887
105.134645    -63.954806   -734290.307185780024
105.182038    -54.001556   -734294.340423691319
105.359122    -44.076569   -734298.192190119065
105.490503    -34.259182   -734300.728965841699
105.507199    -24.426614   -734302.314103187644
105.636432    -14.545009   -734303.892720996053
105.426242    -4.889597   -734307.430618326296
105.461342    5.032359   -734308.274186937255
105.516858    14.619712   -734308.481933250558
105.469216    24.429494   -734308.557316281134
105.413811    34.230437   -734307.934749801760
105.414727    44.114305   -734300.849388653412
105.406376    53.977394   -734296.926433945540
105.462250    63.816725   -734294.768378946348
105.501668    73.868287   -734287.148497996503
105.687765    83.930629   -734288.975330347195
105.606651    95.539586   -734276.853420597618
105.600290    105.683635   -734280.934658485930
105.433777    115.628373   -734286.943308638176
105.456562    125.572157   -734292.213106954587
105.482640    135.579698   -734290.581154924235
105.379317    145.503332   -734293.724271862186
105.271489    155.313545   -734299.898511079722
105.294001    165.177306   -734303.361489563598
105.306736    174.920720   -734305.854047623929
9999          9999         9999
115.138384    -175.355628   -734311.671235105954
114.931569    -165.568278   -734311.707885715063
114.707868    -155.876021   -734309.200939165894
114.459291    -145.907922   -734308.229623878840
114.213106    -135.949555   -734306.925852598972
114.606993    -124.921390   -734307.214012745302
115.232587    -114.540282   -734303.912119760527
115.375604    -104.766179   -734300.343090114417
115.344106    -94.848826   -734294.590830599656
115.512961    -74.191742   -734291.359767718241
115.619461    -63.938881   -734290.450014482136
115.685603    -54.019327   -734295.697683384526
115.667108    -44.036845   -734303.075204710010
115.666632    -34.255096   -734306.088089041761
115.578273    -24.290788   -734308.525842732284
115.589720    -14.553890   -734310.890464028576
115.587739    -4.854323   -734312.715749293449
115.459382    4.941371   -734312.116648689494
115.399114    14.662485   -734312.073643064359
115.329858    24.495369   -734311.140382424346
115.325760    34.240447   -734308.071300276322
115.365653    44.071815   -734303.211811435409
115.361584    54.023770   -734302.652748942724
115.533796    63.851661   -734298.528250299394
115.688648    74.036676   -734295.351345398347
115.784440    84.131753   -734292.296099269879
115.582473    95.522198   -734276.186287092976
115.642934    105.593449   -734282.038119062781
115.625440    115.627920   -734289.501405982883
115.527662    125.599178   -734295.755441327929
115.501152    145.361671   -734302.122028015554
115.551089    155.291788   -734305.898813851411
115.523436    165.152832   -734308.711617953377
115.341319    174.917899   -734311.312407027232
9999          9999         9999
125.012995    -175.565131   -734315.834996825084
124.811778    -165.884100   -734315.754001693334
124.417625    -156.118940   -734313.459100481239
124.189188    -146.279609   -734311.815501178149
123.870788    -136.145714   -734309.299009286333
125.562700    -124.317974   -734307.691338888602
125.496047    -114.605392   -734304.184640127933
125.468757    -104.869356   -734302.002790816128
125.271603    -94.777445   -734298.478253881098
125.469985    -84.554265   -734293.012461176724
125.614844    -74.036420   -734292.156357229804
125.598568    -63.904329   -734296.419191704015
125.632227    -53.858815   -734301.931923115277
125.694020    -44.038836   -734307.312526606489
125.627019    -34.102495   -734311.224311202415
125.604893    -24.433725   -734315.458490718273
125.578384    -14.657424   -734315.461262730067
125.515443    -4.883181   -734316.901641508914
125.371566    4.863995   -734315.482043330208
125.273209    14.496391   -734316.281924205599
125.236665    24.393515   -734311.733291360550
125.202025    34.223175   -734309.809804961900
125.244756    44.106269   -734306.313759819022
125.259801    54.101617   -734304.721276047756
125.390207    64.100342   -734301.350361465593
125.540697    74.193154   -734300.135192707647
125.583500    84.155273   -734298.553712878260
125.638819    94.674818   -734291.431876055780
125.617908    105.585684   -734288.060292075388
125.612266    115.613553   -734294.299215158680
125.527659    125.630304   -734299.883102767169
125.551727    135.512681   -734301.776949952124
125.267350    174.695768   -734314.685510904179
9999          9999         9999
134.695136    -175.831158   -734320.321268193075
134.094305    -156.432830   -734317.421012388892
135.898028    -143.665201   -734311.131155889248
135.586902    -124.438553   -734310.614820451709
135.502199    -114.664650   -734308.514226351981
135.413004    -104.960135   -734302.784247132018
135.311563    -94.823094   -734299.851601074100
135.494933    -84.283349   -734297.177639159374
135.603745    -73.975044   -734295.556689387537
135.700038    -63.972469   -734300.700855376315
135.672336    -53.959580   -734304.165891540586
135.575006    -44.068340   -734311.448393306695
135.494766    -34.149866   -734317.565249390784
135.538895    -24.574717   -734320.214337683166
135.296247    -14.704698   -734318.951701469370
135.174606    -5.070993   -734319.611467656679
135.154114    4.759005   -734319.616212162655
135.009489    14.548178   -734316.477582639898
135.004177    24.341849   -734315.871765177348
134.971153    34.273866   -734313.684540327406
135.046756    44.287131   -734311.086110093514
135.199258    54.250939   -734308.124179730657
135.380620    64.103824   -734306.316324397572
135.381308    74.198533   -734302.372649499099
135.454997    84.300416   -734300.300679285778
135.682997    95.396722   -734285.039652284235
135.585565    105.570600   -734294.116707306937
135.591717    115.671570   -734299.762001798372
135.655258    125.564056   -734303.132442697417
135.499062    135.531432   -734307.628355264314
135.468766    145.310473   -734311.330404411769
135.165498    164.794459   -734318.313031342346
9999          9999         9999
144.321172    -176.098736   -734322.310583578190
146.230164    -153.406744   -734315.967039638665
146.059658    -143.849683   -734316.158812210895
145.759739    -134.276357   -734313.520827802480
145.617635    -124.675695   -734313.863776069600
145.530923    -114.886885   -734310.299942976329
145.300994    -104.958447   -734308.710892036790
145.299152    -94.857148   -734303.126528683119
145.462902    -84.204863   -734299.118115700316
145.571901    -74.017722   -734303.650710505433
145.497462    -63.940460   -734304.905431209598
145.512162    -53.963043   -734307.414615928079
145.428452    -44.095121   -734313.239275384811
145.333516    -34.358317   -734320.135128459893
145.147191    -24.622690   -734321.759515347308
145.032498    -14.939664   -734321.679259446566
144.923028    -5.141661   -734320.906907736557
144.862656    4.677720   -734322.267425143509
144.702698    14.502958   -734319.339718351373
144.799919    24.421504   -734318.253687350196
144.899245    34.368126   -734318.850964857964
145.054072    44.455643   -734312.712298305356
145.169512    54.381430   -734312.865508924355
145.253604    64.315925   -734308.536365045351
145.262547    74.251532   -734304.547673688969
145.330987    84.250925   -734302.701512097497
145.580310    95.342212   -734290.315900273970
145.523247    105.614913   -734299.319193417556
145.488488    115.537259   -734304.220034427824
145.498002    125.504216   -734305.554116841056
145.312587    135.404654   -734312.767686677165
145.234826    145.277270   -734317.147887755884
145.103552    154.942176   -734321.614055989427
144.927819    164.577736   -734321.887194149895
144.592693    174.252580   -734322.084568348480
9999          9999         9999
153.502898    -166.794052   -734322.830218515592
156.251463    -153.576147   -734322.373960104422
156.002845    -144.018224   -734321.258127961657
155.721815    -134.502394   -734319.619176991750
155.655070    -124.782584   -734319.268696318148
155.470493    -115.082031   -734316.155963343102
155.357690    -105.099002   -734313.987385434913
155.169883    -94.648076   -734303.099025744013
155.309013    -84.121490   -734301.400231717620
155.308766    -73.970445   -734305.528688803315
155.305736    -63.915444   -734307.207365881652
155.291736    -53.996401   -734312.597117313184
155.125833    -44.060520   -734316.497868822073
155.008647    -34.409434   -734320.872623721487
154.924758    -24.796054   -734322.722698154510
154.722503    -15.067481   -734323.266926517943
154.588907    -5.250937   -734323.324858388049
154.514294    4.586559   -734322.324849980418
154.630026    14.508176   -734324.717788746813
154.711773    24.584606   -734324.335825840244
154.976834    34.500138   -734323.235436891089
155.148767    44.421687   -734318.013041263213
155.183458    54.414482   -734315.457108711125
155.161318    64.285838   -734310.505386820761
155.190495    74.200748   -734308.166945350356
155.217304    84.502103   -734304.073699717643
155.301700    95.421221   -734299.050120086060
155.334106    105.528055   -734305.931495538447
155.270572    115.547903   -734309.820475367480
155.221596    125.466651   -734313.918532782118
155.096326    135.364731   -734319.417702501873
154.504476    164.391488   -734323.102641612408
154.226154    173.986597   -734323.738569451263
9999          9999          9999
163.426267    -176.828846   -734324.645629866980
166.763926    -163.277722   -734325.040334080579
166.560909    -153.762109   -734328.350793886464
166.381344    -144.286147   -734327.143932163599
166.101599    -134.606902   -734324.138540490414
165.971367    -124.941636   -734326.303312311997
165.776016    -115.136508   -734320.852278192295
165.634177    -105.283463   -734312.873977144598
165.132799    -94.472013   -734306.660335773719
165.163039    -84.108822   -734304.319014955196
165.149532    -73.938389   -734308.471676007845
165.128850    -64.014137   -734312.816870208248
165.020097    -54.061233   -734316.543821130297
164.868157    -44.341464   -734318.281010377686
164.732145    -34.674253   -734322.021686797962
164.468854    -24.899229   -734326.616651081597
164.366457    -15.213119   -734326.669418095611
164.361840    -5.302089   -734323.400480384356
164.443782    4.640119   -734327.263248858158
164.689958    14.685958   -734325.088038846385
164.984557    24.665651   -734324.063818185125
165.107222    34.756062   -734323.404741767095
165.192171    44.516104   -734321.194032057538
165.139573    54.351924   -734319.138650646550
165.025839    64.234323   -734312.328327908530
165.011495    74.182735   -734310.371373601956
165.182187    84.877407   -734305.287929520709
165.183669    95.421068   -734301.386376857758
165.167302    105.487467   -734312.009121697280
165.080589    115.503709   -734317.318378378055
164.945298    125.329761   -734317.213733258075
164.838723    135.162842   -734324.056449099910
164.587461    144.788409   -734324.835729867104
164.422126    154.476613   -734325.790788887069
164.121082    164.131399   -734324.930915200966
163.721139    173.617145   -734325.376897828537
9999          9999          9999
172.838066    -167.318161   -734323.754009808996
176.441247    -154.118264   -734331.379216652364
176.138275    -144.446083   -734329.149947395897
175.898319    -134.836212   -734325.434442598373
175.724471    -125.114256   -734325.936230145511
175.565579    -115.240294   -734322.922635522438
175.562238    -105.414158   -734317.333220637753
174.973291    -94.401660   -734311.120199242025
174.914197    -84.112712   -734308.022922312259
174.877572    -73.972750   -734310.710818629945
174.825913    -64.013963   -734314.272851317539
174.735058    -54.207943   -734319.770645220997
174.224502    -25.036673   -734329.194967454998
174.236715    -15.293727   -734329.671110324445
174.409347    -5.205751   -734328.517374226707
174.647619    4.943380   -734328.994593352661
175.031818    14.922715   -734326.478806074942
175.245226    24.987047   -734325.332650079159
175.429506    34.780636   -734326.320940603153
175.525893    44.478357   -734323.484987646923
175.356427    54.294446   -734317.681698566070
175.189858    64.080415   -734317.380057424773
175.130779    73.984121   -734317.655489217374
174.901709    85.028336   -734306.149058701936
174.816727    105.441670   -734316.906807179563
174.750950    115.370401   -734321.817732705735
174.673172    125.197385   -734322.894750577165
174.207771    144.612102   -734327.015420249896
173.898574    154.218304   -734327.586886256817
173.599281    163.736006   -734325.702464765054
9999          9999         9999
